-0.0129,
-0.0236,
-0.02,
-0.0195,
0.0393,
-0.0143,
0.0142,
0.0598,
0.1199,
-0.1877,
-0.0066,
-0.011,
0.1513,
-0.0068,
-0.0087,
-0.257,
-0.028,
-0.0063,
0.0596,
0.0388,
0.0092,
-0.0242,
0.2611,
-0.0532,
0.0274,
-0.0543,
-0.0319,
-0.0173,
0.1163,
0.0239,
0.0169,
-0.04,
0.1251,
-0.0212,
-0.0134,
0.211,
-0.0014,
0.1018,
0.0198,
0.2871,
0.0374,
0.2092,
0.062,
0.0055,
0.0118,
-0.0411,
0.023,
0.0136,
-0.1315,
0.1421,
-0.0287,
0.1771,
0.0609,
-0.0163,
-0.0594,
0.0708,
0.0178,
0.1303,
0.12,
-0.0444,
-0.0548,
0.0526,
-0.0244,
0.2526,
-0.0039,
0.061,
0.087,
0.0136,
0.237,
-0.0343,
-0.0194,
0.02,
-0.0381,
0.0505,
-0.0426,
0.0072,
-0.1716,
-0.0074,
0.1307,
-0.0182,
0.1223,
-0.2761,
-0.1283,
0.0364,
0.0225,
0.01,
0.2017,
0.3387,
0.081,
0.1548,
-0.0408,
-0.0324,
0.2935,
0.0467,
-0.0176,
-0.0438,
-0.0328,
0.16,
0.0085,
0.0252,
0.0201,
-0.0507,
-0.0649,
-0.0404,
0.3637,
0.018,
-0.0144,
0.0246,
-0.1856,
0.2117,
-0.1073,
0.1296,
0.038,
0.2027,
0.0158,
0.3483,
-0.0391,
-0.0471,
0.0845,
-0.011,