-0.0429,
0.2030,
0.1989,
0.0350,
-0.1075,
-0.0645,
0.1761,
0.0328,
-0.1137,
0.0398,
0.1754,
-0.0476,
-0.0122,
-0.0701,
0.3669,
0.2282,
-0.0469,
0.1643,
0.2284,
-0.0276,
-0.1124,
-0.0191,
0.0691,
0.0441,
0.0054,
0.4626,
0.1200,
-0.2229,
0.2342,
0.2171,
0.0345,
-0.1314,
-0.0187,
-0.1204,
0.0788,
-0.0820,
0.1034,
-0.1505,
0.1069,
-0.0855,
-0.0063,
0.0422,
-0.1349,
0.0156,
0.1839,
0.0124,
-0.1637,
0.0773,
0.2053,
0.0374,
0.1831,
0.2399,
-0.0392,
-0.0392,
0.2967,
-0.0102,
0.1722,
0.2951,
0.1021,
0.2592,
0.1737,
0.0768,
0.2830,
-0.1924,
-0.0571,
-0.0488,
-0.0848,
0.0810,
0.0022,
-0.0034,
-0.0192,
0.0943,
-0.1742,
0.0760,
0.1526,
0.3552,
0.1824,
0.3459,
-0.0360,
0.4767,
-0.0627,
-0.1136,
-0.0715,
0.0769,