62,
107,
98,
65,
111,
102,
67,
117,
107,
64,
117,
106,
66,
120,
106,
68,
122,
108,
66,
120,
109,
63,
120,
109,
71,
125,
115,
72,
127,
116,
67,
124,
113,
65,
121,
110,
60,
118,
107,
61,
116,
105,
58,
108,
98,
65,
107,
98,
61,
103,
93,
56,
97,
89,
47,
87,
79,
45,
83,
73,
58,
91,
79,
59,
93,
79,
54,
89,
74,
72,
106,
101,
190,
198,
201,
56,
92,
79,
45,
88,
73,
43,
88,
72,
44,
91,
74,
44,
91,
75,
50,
94,
78,
49,
89,
75,
59,
104,
95,
63,
110,
101,
71,
120,
109,
64,
119,
107,
67,
123,
111,
71,
126,
111,
69,
125,
112,
68,
125,
114,
73,
129,
118,
70,
128,
117,
67,
126,
115,
66,
124,
113,
65,
122,
111,
62,
119,
108,
65,
117,
107,
61,
111,
102,
58,
108,
99,
62,
108,
99,
51,
96,
87,
50,
92,
80,
63,
99,
85,
69,
101,
88,
65,
100,
90,
165,
183,
195,
67,
103,
89,
50,
92,
77,
47,
92,
77,
46,
94,
77,
45,
95,
78,
46,
93,
77,
51,
95,
79,
51,
91,
76,
57,
103,
94,
61,
108,
99,
74,
120,
110,
64,
120,
109,
67,
125,
114,
78,
131,
120,
73,
129,
118,
70,
128,
117,
69,
128,
117,
69,
128,
117,
67,
126,
115,
66,
126,
114,
63,
126,
114,
64,
123,
112,
62,
120,
109,
58,
115,
105,
61,
115,
106,
61,
112,
102,
54,
104,
94,
53,
98,
87,
74,
110,
98,
94,
118,
117,
157,
175,
185,
104,
134,
122,
51,
97,
80,
53,
99,
83,
50,
99,
82,
48,
99,
81,
48,
99,
82,
49,
97,
81,
52,
95,
80,
51,
92,
77,
56,
103,
94,
57,
109,
98,
71,
121,
110,
65,
121,
110,
67,
126,
115,
79,
133,
123,
75,
132,
121,
72,
131,
119,
70,
131,
120,
68,
130,
119,
66,
128,
116,
64,
127,
115,
64,
128,
116,
66,
126,
115,
63,
123,
112,
62,
122,
111,
61,
119,
108,
57,
115,
105,
59,
112,
102,
54,
105,
92,
66,
111,
95,
139,
161,
165,
155,
172,
170,
56,
104,
87,
55,
104,
87,
56,
104,
87,
53,
104,
86,
51,
103,
85,
50,
102,
85,
51,
100,
84,
55,
98,
83,
51,
93,
78,
56,
106,
96,
60,
112,
101,
72,
122,
111,
66,
123,
112,
69,
127,
116,
73,
131,
120,
74,
132,
121,
71,
132,
120,
69,
133,
121,
68,
132,
120,
65,
129,
117,
65,
129,
117,
67,
129,
118,
64,
130,
117,
64,
128,
116,
67,
128,
117,
60,
121,
110,
62,
120,
109,
60,
116,
105,
57,
112,
97,
81,
125,
130,
174,
193,
195,
61,
110,
93,
59,
110,
93,
58,
109,
92,
57,
108,
91,
55,
107,
89,
53,
105,
87,
51,
104,
86,
52,
103,
85,
55,
100,
85,
54,
95,
80,
58,
108,
98,
64,
114,
104,
67,
119,
109,
67,
125,
114,
66,
127,
115,
71,
129,
118,
72,
130,
119,
71,
131,
120,
70,
134,
122,
69,
133,
121,
67,
130,
118,
70,
130,
119,
70,
130,
119,
66,
130,
118,
68,
131,
119,
74,
133,
122,
64,
125,
113,
62,
120,
109,
62,
119,
105,
66,
119,
107,
173,
192,
196,
77,
126,
110,
60,
115,
98,
61,
117,
99,
56,
114,
96,
55,
111,
94,
62,
112,
96,
52,
106,
89,
54,
105,
87,
54,
101,
86,
56,
102,
86,
53,
96,
81,
63,
110,
101,
64,
114,
104,
66,
118,
108,
69,
125,
114,
69,
127,
116,
71,
129,
118,
71,
128,
117,
71,
130,
119,
70,
132,
120,
71,
130,
119,
70,
129,
116,
71,
130,
118,
70,
131,
120,
66,
130,
118,
70,
131,
120,
74,
133,
122,
72,
130,
119,
65,
122,
111,
62,
120,
109,
118,
151,
158,
108,
147,
139,
64,
123,
105,
62,
119,
102,
64,
121,
104,
58,
117,
99,
55,
114,
100,
56,
104,
105,
66,
110,
95,
61,
108,
92,
58,
108,
92,
56,
105,
89,
54,
98,
83,
62,
109,
100,
66,
113,
104,
65,
117,
107,
70,
125,
114,
72,
128,
117,
70,
128,
117,
71,
128,
117,
71,
129,
118,
71,
130,
119,
70,
129,
118,
69,
128,
116,
71,
131,
115,
69,
129,
117,
65,
129,
117,
66,
130,
118,
76,
134,
123,
78,
134,
123,
67,
125,
114,
82,
127,
125,
135,
165,
169,
65,
126,
109,
65,
125,
107,
65,
125,
107,
64,
122,
105,
56,
100,
86,
35,
61,
61,
76,
97,
90,
66,
116,
100,
61,
113,
96,
61,
112,
95,
64,
111,
95,
57,
104,
88,
63,
108,
99,
65,
112,
103,
65,
116,
106,
72,
123,
113,
70,
127,
116,
73,
129,
119,
72,
127,
117,
75,
129,
118,
71,
128,
117,
69,
128,
115,
68,
128,
113,
69,
130,
113,
69,
129,
114,
67,
128,
116,
69,
130,
118,
73,
132,
121,
78,
135,
124,
77,
117,
113,
138,
159,
171,
83,
138,
126,
67,
129,
117,
69,
129,
111,
67,
125,
107,
59,
85,
70,
62,
60,
39,
100,
125,
102,
63,
120,
102,
61,
120,
102,
61,
119,
101,
66,
118,
101,
72,
120,
104,
60,
110,
94,
65,
107,
99,
65,
111,
101,
70,
116,
108,
71,
122,
112,
70,
125,
115,
75,
128,
118,
72,
126,
116,
78,
128,
118,
78,
131,
120,
69,
127,
114,
70,
129,
114,
70,
130,
113,
70,
130,
113,
70,
130,
116,
68,
128,
117,
72,
131,
120,
75,
132,
121,
133,
154,
161,
116,
138,
147,
115,
152,
159,
110,
148,
152,
72,
109,
110,
51,
77,
68,
88,
93,
75,
91,
115,
102,
44,
84,
96,
65,
125,
110,
65,
125,
108,
64,
125,
107,
71,
124,
108,
73,
123,
108,
64,
116,
102,
64,
104,
96,
66,
110,
101,
72,
116,
108,
72,
120,
110,
76,
124,
115,
73,
126,
116,
74,
126,
116,
79,
127,
118,
77,
130,
116,
68,
127,
112,
70,
130,
115,
70,
130,
114,
72,
132,
115,
71,
130,
116,
69,
127,
115,
70,
129,
118,
87,
123,
126,
107,
136,
145,
57,
103,
107,
67,
119,
116,
130,
157,
145,
71,
87,
79,
76,
91,
68,
62,
76,
78,
41,
74,
89,
60,
124,
112,
66,
129,
111,
69,
130,
114,
70,
130,
116,
75,
130,
116,
72,
126,
113,
68,
124,
110,
62,
102,
95,
68,
109,
101,
75,
116,
108,
74,
120,
111,
77,
125,
116,
76,
126,
116,
76,
126,
116,
76,
127,
117,
71,
128,
113,
70,
128,
115,
72,
131,
118,
70,
130,
116,
75,
133,
117,
75,
131,
117,
70,
128,
115,
76,
125,
118,
43,
67,
80,
17,
99,
103,
43,
109,
111,
51,
128,
131,
71,
110,
111,
32,
67,
62,
77,
86,
78,
79,
114,
122,
79,
142,
130,
66,
135,
120,
66,
134,
119,
73,
136,
122,
77,
137,
125,
76,
133,
122,
73,
131,
120,
76,
133,
122,
60,
99,
92,
68,
108,
100,
75,
115,
107,
73,
119,
110,
77,
123,
114,
76,
126,
116,
76,
127,
117,
80,
131,
121,
71,
128,
115,
72,
128,
117,
73,
131,
119,
72,
132,
117,
74,
133,
117,
74,
130,
117,
71,
129,
117,
85,
128,
140,
27,
119,
129,
13,
103,
116,
29,
102,
113,
23,
102,
115,
11,
31,
37,
60,
98,
97,
69,
104,
120,
79,
144,
131,
74,
142,
129,
70,
139,
126,
70,
138,
125,
76,
141,
128,
79,
142,
130,
76,
140,
128,
75,
139,
127,
81,
140,
129,
59,
98,
91,
68,
108,
100,
77,
116,
108,
73,
118,
109,
72,
121,
111,
75,
125,
115,
75,
127,
117,
81,
132,
122,
71,
128,
117,
72,
129,
118,
73,
131,
120,
74,
131,
119,
77,
132,
121,
75,
131,
120,
98,
141,
138,
92,
155,
169,
26,
124,
135,
14,
101,
119,
8,
74,
92,
5,
21,
32,
16,
62,
61,
72,
101,
110,
81,
144,
134,
75,
143,
130,
74,
144,
130,
75,
143,
131,
75,
143,
129,
82,
145,
132,
81,
147,
134,
79,
146,
133,
78,
146,
133,
79,
144,
132,
59,
98,
92,
69,
109,
101,
81,
119,
111,
76,
119,
111,
71,
122,
112,
73,
126,
116,
76,
128,
118,
81,
133,
123,
70,
128,
117,
71,
130,
119,
73,
131,
120,
77,
132,
120,
81,
135,
125,
79,
131,
123,
161,
182,
185,
16,
115,
132,
11,
123,
131,
24,
119,
133,
9,
42,
52,
7,
45,
48,
13,
85,
86,
91,
139,
132,
74,
143,
130,
75,
144,
131,
74,
143,
130,
84,
148,
134,
80,
146,
133,
81,
149,
136,
80,
150,
137,
80,
150,
137,
79,
149,
136,
76,
146,
133,
61,
101,
94,
73,
111,
104,
84,
121,
114,
71,
119,
110,
70,
123,
114,
73,
128,
118,
75,
132,
121,
75,
131,
120,
70,
129,
118,
71,
129,
118,
75,
131,
120,
82,
135,
125,
79,
127,
122,
146,
170,
179,
79,
143,
152,
4,
97,
119,
8,
116,
126,
24,
101,
113,
9,
46,
51,
8,
65,
70,
42,
105,
110,
74,
143,
129,
74,
143,
130,
75,
144,
131,
73,
142,
129,
87,
147,
135,
83,
147,
135,
85,
151,
138,
82,
149,
137,
83,
152,
139,
79,
150,
137,
77,
149,
136,
66,
106,
100,
75,
112,
106,
88,
125,
118,
69,
120,
112,
70,
125,
116,
72,
130,
120,
73,
131,
121,
71,
130,
119,
69,
130,
118,
69,
130,
118,
76,
132,
121,
82,
135,
125,
140,
168,
171,
155,
184,
181,
35,
118,
148,
6,
97,
123,
14,
128,
141,
15,
73,
71,
10,
66,
68,
13,
89,
100,
71,
139,
139,
73,
142,
129,
74,
143,
130,
74,
143,
130,
74,
141,
128,
88,
147,
136,
82,
146,
134,
82,
149,
136,
81,
150,
137,
82,
153,
140,
80,
152,
139,
79,
152,
136,
64,
108,
101,
72,
114,
107,
82,
123,
116,
68,
120,
111,
70,
126,
117,
73,
131,
122,
73,
131,
122,
70,
130,
119,
68,
132,
120,
69,
130,
119,
76,
132,
121,
88,
136,
129,
169,
188,
190,
91,
144,
133,
36,
120,
170,
9,
115,
141,
19,
131,
151,
30,
87,
82,
28,
111,
121,
40,
114,
126,
78,
149,
142,
74,
143,
129,
76,
142,
130,
74,
140,
128,
77,
139,
128,
83,
141,
130,
80,
143,
131,
82,
147,
135,
82,
151,
138,
80,
151,
138,
80,
152,
139,
81,
153,
139,
60,
107,
99,
72,
116,
108,
79,
124,
115,
66,
121,
112,
70,
127,
118,
73,
131,
121,
73,
131,
121,
70,
130,
119,
70,
134,
122,
70,
132,
120,
77,
133,
122,
135,
161,
171,
101,
149,
138,
84,
142,
131,
19,
68,
134,
11,
87,
122,
27,
143,
175,
72,
138,
148,
77,
146,
163,
84,
154,
152,
78,
143,
130,
76,
140,
128,
73,
138,
126,
73,
137,
125,
79,
137,
126,
78,
137,
125,
77,
140,
128,
87,
149,
135,
85,
150,
138,
79,
149,
136,
80,
150,
137,
80,
151,
138,
59,
108,
100,
69,
116,
108,
73,
123,
115,
67,
125,
115,
70,
129,
119,
74,
132,
123,
73,
131,
122,
71,
132,
120,
74,
137,
125,
70,
134,
122,
103,
145,
151,
125,
162,
159,
83,
139,
128,
81,
141,
130,
10,
59,
129,
7,
34,
108,
32,
139,
204,
51,
169,
206,
78,
156,
157,
79,
142,
130,
76,
139,
127,
73,
136,
124,
71,
134,
122,
78,
136,
125,
79,
135,
124,
73,
133,
122,
73,
135,
123,
86,
147,
131,
82,
147,
133,
80,
145,
133,
78,
149,
135,
78,
150,
137,
61,
111,
103,
68,
121,
112,
65,
121,
112,
70,
128,
118,
69,
130,
120,
75,
133,
124,
75,
133,
122,
75,
133,
122,
79,
139,
128,
80,
136,
128,
139,
168,
175,
78,
134,
122,
80,
137,
126,
88,
145,
135,
61,
183,
232,
44,
162,
228,
56,
128,
167,
75,
161,
171,
79,
141,
129,
81,
141,
129,
75,
133,
122,
71,
130,
119,
71,
129,
118,
76,
133,
122,
74,
130,
119,
70,
128,
117,
73,
131,
120,
85,
141,
126,
79,
141,
125,
80,
144,
130,
78,
147,
132,
77,
147,
134,
61,
115,
106,
77,
129,
120,
63,
125,
114,
71,
129,
119,
69,
128,
118,
76,
133,
123,
78,
134,
123,
75,
134,
123,
78,
135,
124,
144,
170,
175,
79,
137,
125,
75,
131,
120,
79,
136,
125,
82,
133,
123,
71,
108,
116,
85,
91,
98,
43,
124,
141,
77,
138,
127,
79,
138,
126,
83,
138,
127,
72,
130,
119,
72,
128,
116,
71,
127,
116,
71,
127,
116,
70,
125,
112,
66,
124,
113,
70,
128,
116,
76,
133,
120,
75,
136,
120,
77,
140,
123,
77,
144,
127,
74,
144,
129,
63,
118,
109,
75,
130,
120,
70,
128,
118,
70,
127,
118,
66,
127,
115,
75,
129,
120,
67,
118,
111,
68,
120,
117,
125,
156,
166,
105,
150,
141,
69,
131,
119,
70,
128,
117,
77,
134,
123,
61,
98,
90,
90,
115,
117,
97,
163,
166,
76,
142,
137,
78,
136,
125,
80,
135,
125,
81,
134,
124,
72,
127,
116,
71,
126,
112,
69,
125,
113,
68,
124,
113,
72,
124,
112,
65,
120,
110,
68,
124,
112,
72,
128,
115,
70,
129,
113,
73,
134,
117,
73,
140,
121,
71,
140,
121,
63,
121,
110,
71,
130,
119,
71,
129,
119,
71,
128,
119,
65,
126,
114,
80,
133,
125,
93,
137,
133,
118,
154,
155,
169,
191,
192,
62,
126,
111,
65,
127,
114,
67,
126,
114,
76,
129,
118,
92,
121,
112,
78,
134,
123,
78,
133,
123,
78,
134,
123,
80,
136,
125,
79,
134,
123,
75,
128,
118,
73,
125,
115,
74,
126,
116,
70,
124,
114,
77,
128,
118,
73,
124,
114,
68,
121,
111,
67,
122,
111,
68,
124,
108,
67,
125,
108,
69,
129,
112,
71,
133,
117,
68,
134,
117,
63,
122,
111,
65,
126,
115,
71,
128,
118,
69,
126,
116,
66,
125,
114,
68,
127,
116,
66,
126,
115,
135,
162,
169,
65,
121,
108,
60,
123,
106,
61,
124,
107,
65,
123,
112,
73,
130,
119,
77,
133,
122,
74,
131,
120,
75,
131,
120,
77,
133,
123,
80,
135,
124,
79,
132,
122,
73,
126,
116,
75,
126,
116,
79,
128,
118,
76,
126,
117,
87,
132,
123,
73,
125,
115,
74,
124,
114,
70,
123,
110,
68,
122,
108,
68,
121,
105,
68,
125,
108,
69,
129,
111,
68,
129,
112,
62,
124,
112,
66,
125,
114,
71,
128,
117,
68,
125,
114,
65,
124,
113,
68,
127,
116,
114,
146,
155,
77,
128,
118,
58,
117,
105,
59,
119,
106,
61,
122,
104,
64,
123,
110,
71,
129,
118,
74,
131,
119,
72,
129,
118,
73,
129,
118,
75,
130,
120,
79,
132,
122,
78,
130,
120,
73,
126,
116,
77,
127,
118,
81,
129,
119,
80,
129,
119,
88,
133,
124,
74,
126,
116,
75,
126,
116,
72,
123,
112,
69,
123,
109,
71,
123,
107,
71,
124,
107,
69,
127,
109,
67,
128,
110,
62,
124,
113,
69,
127,
116,
69,
127,
116,
65,
124,
113,
65,
122,
111,
104,
145,
148,
92,
135,
133,
57,
115,
104,
59,
116,
104,
64,
121,
107,
59,
122,
104,
62,
124,
109,
70,
128,
115,
72,
129,
118,
70,
128,
117,
73,
129,
118,
75,
129,
119,
78,
131,
121,
73,
128,
116,
73,
127,
117,
75,
128,
118,
77,
128,
118,
77,
128,
118,
82,
132,
122,
74,
128,
118,
74,
127,
117,
74,
126,
115,
72,
126,
111,
70,
123,
107,
70,
124,
107,
67,
125,
107,
64,
125,
107,
66,
127,
116,
70,
128,
117,
67,
124,
113,
64,
123,
112,
90,
139,
142,
136,
168,
166,
68,
121,
110,
60,
114,
104,
64,
118,
107,
65,
121,
106,
59,
122,
104,
62,
123,
108,
66,
126,
110,
69,
128,
112,
69,
128,
114,
73,
128,
118,
75,
128,
118,
76,
129,
118,
71,
126,
114,
70,
127,
116,
72,
127,
116,
69,
125,
115,
73,
127,
117,
74,
128,
118,
74,
130,
119,
76,
130,
120,
75,
128,
117,
73,
127,
111,
70,
125,
108,
64,
124,
106,
66,
124,
107,
65,
122,
106,
67,
130,
118,
70,
130,
118,
62,
126,
114,
66,
125,
114,
123,
160,
157,
77,
123,
114,
75,
123,
113,
62,
116,
105,
65,
119,
105,
64,
120,
104,
61,
122,
104,
62,
123,
105,
62,
123,
105,
65,
125,
107,
67,
127,
111,
72,
129,
116,
75,
129,
116,
76,
128,
118,
71,
126,
115,
69,
126,
115,
75,
130,
119,
66,
124,
113,
75,
128,
118,
72,
128,
117,
77,
132,
121,
78,
131,
121,
76,
130,
118,
72,
128,
112,
67,
125,
108,
62,
123,
105,
64,
124,
106,
65,
123,
105,
70,
133,
121,
72,
131,
120,
64,
127,
115,
67,
126,
115,
66,
124,
112,
69,
121,
111,
75,
122,
112,
65,
117,
107,
64,
118,
105,
63,
118,
105,
60,
120,
104,
61,
122,
104,
61,
121,
103,
62,
123,
105,
66,
126,
108,
72,
130,
112,
76,
130,
115,
79,
130,
116,
75,
128,
116,
74,
129,
117,
78,
132,
120,
69,
125,
114,
78,
130,
120,
74,
130,
119,
79,
134,
123,
77,
132,
121,
77,
131,
119,
70,
128,
112,
66,
126,
109,
67,
126,
108,
64,
125,
107,
66,
125,
107,
68,
131,
119,
71,
130,
119,
69,
128,
117,
66,
126,
114,
68,
124,
114,
70,
121,
111,
88,
128,
120,
69,
119,
109,
63,
117,
104,
61,
116,
102,
58,
117,
100,
61,
119,
101,
63,
120,
102,
64,
123,
105,
71,
127,
110,
73,
130,
113,
80,
133,
119,
79,
131,
116,
76,
131,
116,
84,
136,
124,
77,
131,
119,
75,
130,
119,
82,
133,
123,
77,
133,
122,
80,
136,
125,
79,
134,
123,
81,
134,
124,
73,
130,
116,
70,
129,
112,
75,
131,
114,
68,
127,
109,
68,
125,
108,
66,
130,
118,
70,
129,
118,
71,
129,
118,
67,
127,
115,
70,
126,
116,
75,
127,
113,
95,
133,
124,
68,
118,
108,
61,
115,
103,
60,
115,
100,
60,
115,
99,
63,
118,
101,
65,
123,
105,
67,
124,
106,
73,
128,
112,
73,
131,
114,
81,
135,
120,
76,
131,
116,
73,
130,
114,
89,
141,
128,
77,
134,
122,
82,
136,
125,
81,
135,
125,
80,
136,
125,
78,
137,
126,
78,
134,
123,
82,
136,
126,
72,
132,
115,
73,
131,
113,
82,
136,
119,
70,
128,
111,
69,
127,
109,