75,
53,
16,
86,
67,
42,
94,
75,
52,
111,
98,
81,
127,
119,
107,
117,
103,
86,
137,
131,
124,
147,
143,
138,
134,
123,
109,
145,
140,
133,
171,
175,
178,
144,
138,
127,
156,
155,
150,
149,
143,
133,
137,
124,
103,
133,
115,
81,
137,
122,
96,
137,
124,
102,
138,
124,
101,
139,
127,
107,
141,
130,
110,
142,
130,
110,
141,
129,
108,
146,
135,
115,
152,
141,
120,
154,
143,
122,
155,
144,
125,
152,
138,
117,
153,
137,
110,
154,
139,
113,
154,
139,
113,
154,
137,
109,
79,
58,
30,
86,
66,
41,
94,
74,
48,
101,
82,
55,
106,
88,
63,
111,
94,
71,
116,
99,
80,
120,
104,
82,
124,
108,
89,
127,
112,
90,
129,
114,
92,
131,
116,
94,
132,
118,
95,
134,
120,
95,
136,
118,
83,
138,
116,
74,
144,
126,
95,
146,
132,
110,
148,
136,
114,
151,
139,
121,
152,
142,
123,
154,
144,
124,
153,
141,
120,
152,
140,
114,
154,
141,
116,
156,
143,
119,
157,
143,
118,
156,
141,
115,
158,
142,
116,
160,
147,
123,
162,
148,
121,
162,
146,
116,
82,
56,
12,
90,
66,
27,
96,
72,
35,
102,
79,
37,
109,
87,
53,
114,
93,
60,
119,
99,
68,
125,
107,
79,
128,
112,
88,
131,
114,
89,
133,
117,
90,
136,
119,
91,
139,
122,
93,
143,
127,
101,
146,
130,
103,
148,
133,
106,
150,
137,
112,
152,
139,
115,
153,
141,
117,
155,
144,
119,
157,
145,
121,
159,
148,
123,
158,
146,
120,
158,
144,
117,
156,
140,
111,
157,
140,
107,
160,
143,
111,
163,
148,
119,
162,
145,
113,
164,
147,
116,
166,
150,
119,
167,
151,
120,
89,
60,
7,
93,
65,
4,
99,
71,
16,
106,
77,
25,
112,
84,
36,
118,
94,
52,
124,
100,
61,
129,
107,
71,
134,
116,
85,
138,
123,
96,
141,
128,
100,
144,
129,
100,
146,
129,
96,
147,
125,
80,
150,
128,
84,
153,
136,
101,
155,
140,
109,
156,
142,
114,
158,
145,
118,
160,
148,
122,
163,
152,
128,
165,
155,
133,
167,
157,
134,
166,
155,
131,
165,
154,
129,
163,
150,
124,
167,
155,
133,
172,
161,
139,
175,
163,
139,
171,
157,
130,
177,
166,
143,
179,
167,
142,
109,
88,
60,
112,
90,
55,
117,
95,
62,
117,
92,
49,
122,
95,
51,
131,
108,
67,
134,
110,
68,
137,
113,
69,
142,
119,
76,
146,
126,
86,
150,
131,
96,
152,
134,
96,
155,
137,
105,
156,
138,
103,
155,
132,
86,
158,
135,
89,
161,
141,
99,
164,
150,
121,
166,
155,
131,
168,
157,
133,
170,
160,
138,
174,
167,
148,
178,
171,
153,
181,
176,
160,
193,
195,
188,
190,
192,
187,
172,
170,
163,
196,
200,
200,
203,
208,
207,
196,
199,
194,
211,
223,
230,
198,
199,
193,
147,
146,
144,
153,
152,
150,
155,
153,
150,
144,
132,
114,
138,
119,
91,
134,
109,
70,
140,
117,
79,
145,
124,
84,
150,
130,
94,
151,
129,
87,
155,
133,
90,
159,
138,
98,
161,
142,
105,
163,
144,
107,
165,
147,
111,
166,
151,
121,
168,
155,
129,
169,
157,
131,
172,
162,
141,
173,
164,
145,
175,
166,
147,
178,
171,
153,
182,
175,
154,
185,
180,
160,
188,
185,
169,
189,
186,
170,
193,
194,
185,
200,
201,
194,
188,
182,
163,
187,
181,
162,
193,
189,
174,
189,
182,
161,
114,
94,
68,
127,
112,
93,
135,
122,
105,
131,
111,
84,
126,
98,
56,
130,
102,
55,
137,
111,
69,
148,
128,
93,
156,
138,
106,
159,
140,
107,
160,
140,
102,
162,
141,
101,
165,
146,
109,
168,
149,
112,
171,
153,
117,
173,
156,
120,
173,
157,
123,
174,
162,
134,
174,
165,
145,
177,
170,
152,
179,
172,
151,
181,
174,
153,
184,
179,
158,
185,
179,
158,
187,
182,
163,
188,
184,
166,
189,
184,
166,
190,
185,
168,
191,
186,
168,
191,
185,
166,
190,
183,
162,
191,
184,
162,
170,
181,
193,
158,
161,
163,
121,
96,
60,
127,
106,
84,
122,
97,
65,
135,
115,
93,
154,
147,
139,
183,
192,
201,
178,
180,
178,
169,
160,
141,
170,
159,
136,
168,
152,
121,
168,
148,
113,
172,
153,
118,
175,
159,
126,
177,
162,
130,
179,
166,
136,
179,
168,
142,
181,
175,
158,
183,
179,
165,
185,
184,
171,
187,
186,
173,
188,
187,
173,
190,
188,
173,
191,
189,
175,
192,
190,
174,
193,
192,
178,
194,
192,
178,
194,
192,
176,
194,
191,
175,
194,
190,
173,
195,
190,
172,
134,
120,
109,
114,
88,
57,
128,
108,
89,
147,
136,
130,
166,
166,
169,
181,
189,
198,
195,
208,
220,
202,
216,
229,
194,
204,
214,
196,
206,
216,
197,
208,
217,
191,
194,
192,
180,
172,
157,
181,
174,
159,
182,
175,
156,
186,
177,
155,
187,
180,
160,
188,
182,
165,
190,
188,
177,
193,
195,
188,
193,
196,
189,
194,
197,
191,
195,
199,
193,
197,
201,
195,
202,
207,
202,
201,
204,
196,
201,
204,
195,
201,
204,
193,
201,
202,
191,
200,
200,
188,
199,
197,
183,
198,
196,
181,
150,
141,
137,
137,
117,
98,
174,
176,
180,
192,
202,
212,
197,
208,
217,
200,
213,
225,
180,
180,
179,
186,
194,
201,
187,
195,
202,
194,
203,
210,
188,
188,
184,
178,
167,
147,
181,
176,
165,
187,
187,
185,
189,
189,
185,
192,
194,
190,
194,
198,
195,
191,
191,
183,
193,
194,
187,
194,
198,
194,
191,
194,
188,
195,
199,
195,
204,
213,
214,
209,
219,
223,
210,
220,
221,
204,
210,
205,
203,
207,
199,
204,
208,
199,
204,
208,
199,
204,
207,
197,
204,
206,
195,
204,
205,
194,
125,
87,
32,
143,
118,
84,
202,
216,
229,
219,
233,
244,
187,
184,
179,
172,
163,
152,
168,
154,
140,
197,
206,
217,
189,
191,
191,
167,
146,
120,
165,
142,
114,
171,
156,
138,
177,
167,
157,
190,
192,
193,
196,
203,
207,
194,
199,
200,
193,
196,
195,
193,
198,
199,
193,
199,
201,
202,
212,
218,
206,
217,
226,
214,
227,
237,
212,
223,
231,
209,
218,
221,
210,
220,
223,
209,
218,
220,
211,
221,
222,
208,
216,
215,
207,
215,
211,
208,
214,
209,
207,
213,
207,
207,
212,
206,
160,
145,
127,
173,
166,
159,
204,
216,
227,
209,
222,
234,
179,
171,
162,
175,
161,
146,
212,
224,
234,
200,
208,
215,
195,
203,
210,
193,
198,
203,
195,
201,
207,
197,
202,
207,
191,
189,
186,
207,
214,
220,
213,
223,
232,
208,
218,
226,
167,
167,
167,
183,
182,
182,
210,
220,
229,
213,
226,
236,
209,
220,
229,
200,
205,
208,
214,
225,
234,
215,
226,
234,
213,
225,
229,
212,
222,
224,
214,
224,
226,
213,
222,
222,
211,
221,
224,
215,
225,
227,
210,
219,
217,
211,
220,
218,
184,
181,
177,
192,
195,
197,
196,
205,
214,
209,
221,
232,
205,
215,
225,
192,
197,
203,
201,
212,
222,
204,
214,
224,
202,
212,
221,
200,
209,
216,
206,
216,
225,
206,
216,
225,
209,
217,
224,
215,
224,
234,
210,
219,
227,
139,
139,
135,
47,
41,
34,
127,
107,
91,
180,
172,
162,
207,
213,
217,
218,
228,
236,
217,
227,
236,
223,
233,
242,
217,
228,
237,
215,
226,
232,
218,
229,
236,
216,
227,
230,
214,
226,
228,
214,
226,
228,
214,
226,
228,
214,
225,
226,
214,
226,
228,
182,
178,
172,
188,
188,
183,
189,
188,
184,
186,
182,
176,
194,
197,
200,
184,
182,
180,
100,
92,
83,
126,
109,
96,
176,
175,
175,
206,
214,
221,
205,
212,
218,
199,
198,
195,
192,
189,
186,
187,
187,
186,
192,
193,
195,
95,
92,
85,
17,
18,
12,
134,
124,
111,
195,
190,
183,
211,
218,
222,
213,
222,
229,
217,
227,
236,
217,
227,
235,
215,
225,
233,
214,
225,
233,
211,
221,
227,
210,
220,
226,
212,
222,
228,
214,
225,
234,
213,
224,
233,
212,
222,
230,
210,
219,
225,
190,
193,
195,
190,
195,
199,
187,
183,
174,
194,
194,
193,
204,
211,
218,
134,
133,
130,
56,
47,
38,
119,
98,
81,
131,
110,
93,
138,
117,
101,
137,
116,
101,
133,
110,
92,
129,
105,
87,
129,
107,
89,
109,
92,
77,
98,
85,
70,
60,
56,
49,
217,
212,
207,
159,
156,
149,
211,
219,
226,
208,
212,
211,
195,
197,
195,
213,
220,
223,
213,
221,
225,
210,
217,
218,
210,
217,
221,
210,
216,
217,
211,
219,
223,
211,
218,
223,
210,
217,
221,
209,
216,
220,
209,
216,
220,
184,
173,
156,
187,
180,
167,
191,
190,
186,
196,
198,
198,
199,
202,
202,
156,
148,
138,
132,
108,
90,
141,
116,
99,
141,
118,
99,
146,
123,
104,
149,
126,
108,
151,
128,
109,
150,
127,
108,
178,
162,
148,
159,
149,
138,
153,
141,
129,
166,
152,
138,
170,
159,
144,
133,
117,
102,
155,
145,
135,
174,
166,
158,
167,
159,
151,
180,
175,
168,
183,
178,
171,
173,
166,
156,
175,
170,
161,
189,
186,
179,
191,
189,
182,
194,
193,
187,
208,
211,
206,
214,
217,
213,
214,
217,
212,
197,
206,
214,
198,
203,
204,
201,
205,
205,
203,
207,
208,
205,
210,
210,
184,
175,
166,
155,
129,
109,
157,
132,
113,
157,
133,
114,
161,
140,
121,
165,
146,
130,
171,
152,
137,
181,
165,
150,
197,
186,
175,
199,
191,
182,
198,
189,
180,
197,
185,
173,
197,
185,
173,
185,
176,
166,
119,
101,
90,
215,
217,
214,
220,
223,
220,
220,
222,
218,
220,
222,
215,
220,
221,
214,
219,
219,
209,
219,
218,
208,
218,
218,
207,
216,
215,
203,
200,
196,
183,
199,
195,
182,
217,
215,
204,
200,
185,
148,
202,
187,
148,
204,
190,
153,
206,
192,
156,
208,
194,
160,
181,
164,
141,
192,
176,
164,
199,
184,
174,
192,
174,
160,
209,
195,
182,
200,
194,
185,
198,
191,
179,
200,
193,
181,
204,
198,
187,
212,
208,
200,
214,
211,
202,
218,
214,
205,
220,
216,
208,
228,
224,
217,
158,
136,
122,
193,
180,
162,
201,
190,
168,
204,
193,
171,
207,
196,
174,
214,
206,
183,
219,
211,
189,
219,
211,
190,
219,
211,
189,
219,
211,
189,
219,
210,
189,
207,
198,
178,
218,
209,
188,
199,
165,
97,
201,
169,
102,
203,
172,
111,
199,
173,
123,
193,
173,
138,
203,
180,
137,
148,
126,
100,
103,
92,
77,
161,
145,
132,
225,
211,
204,
221,
212,
204,
207,
191,
178,
200,
181,
167,
233,
224,
217,
250,
247,
244,
252,
250,
248,
253,
252,
250,
251,
248,
244,
220,
209,
203,
151,
122,
101,
218,
200,
164,
218,
200,
165,
218,
200,
166,
218,
201,
167,
218,
201,
167,
219,
201,
168,
218,
201,
168,
219,
201,
168,
218,
201,
167,
218,
200,
167,
210,
194,
164,
218,
200,
167,
194,
147,
50,
196,
151,
57,
201,
172,
117,
198,
163,
97,
203,
162,
86,
204,
166,
94,
202,
166,
102,
206,
188,
169,
241,
233,
229,
250,
245,
242,
238,
229,
225,
224,
207,
193,
233,
218,
198,
236,
221,
195,
231,
212,
179,
225,
202,
164,
219,
192,
145,
216,
187,
137,
176,
150,
125,
127,
96,
76,
216,
187,
138,
215,
187,
138,
215,
187,
138,
215,
187,
139,
216,
188,
141,
216,
188,
141,
216,
189,
143,
216,
189,
144,
216,
189,
145,
216,
188,
143,
214,
188,
144,
216,
188,
143,
188,
131,
2,
191,
135,
3,
196,
164,
89,
195,
142,
18,
197,
145,
22,
199,
148,
35,
200,
151,
49,
202,
155,
59,
211,
170,
94,
214,
177,
109,
209,
167,
93,
209,
166,
93,
209,
168,
94,
210,
169,
99,
211,
172,
104,
212,
173,
107,
212,
174,
109,
213,
175,
110,
193,
160,
114,
132,
104,
88,
213,
177,
116,
213,
178,
119,
213,
179,
121,
213,
179,
122,
213,
180,
125,
213,
181,
128,
213,
181,
128,
214,
181,
129,
214,
181,
130,
214,
180,
127,
213,
179,
125,
213,
178,
124,
184,
123,
2,
187,
127,
2,
185,
136,
35,
192,
138,
20,
193,
137,
2,
196,
140,
4,
197,
143,
15,
199,
145,
24,
201,
148,
37,
202,
152,
54,
204,
156,
66,
206,
159,
75,
206,
159,
74,
207,
161,
79,
208,
164,
85,
209,
165,
89,
209,
166,
93,
210,
167,
95,
207,
167,
102,
126,
98,
83,
206,
166,
102,
211,
173,
109,
211,
175,
113,
212,
176,
115,
212,
177,
118,
213,
177,
121,
213,
178,
123,
213,
177,
123,
212,
177,
122,
212,
176,
121,
212,
176,
118,
212,
174,
116,
181,
115,
2,
183,
120,
2,
186,
122,
2,
189,
132,
21,
191,
129,
2,
193,
133,
2,
195,
136,
2,
196,
139,
2,
198,
141,
5,
199,
144,
22,
201,
148,
45,
203,
151,
54,
203,
153,
57,
204,
154,
59,
206,
157,
69,
206,
159,
75,
207,
161,
80,
207,
162,
82,
207,
163,
85,
150,
120,
93,
191,
150,
88,
209,
168,
99,
209,
170,
104,
210,
171,
107,
210,
172,
108,
210,
172,
110,
210,
172,
111,
210,
172,
111,
210,
172,
110,
210,
171,
109,
210,
171,
108,
210,
171,
108,
177,
108,
2,
180,
112,
1,
182,
115,
2,
185,
119,
2,
188,
123,
2,
189,
126,
2,
191,
129,
2,
193,
132,
2,
195,
135,
2,
196,
138,
2,
198,
141,
13,
200,
145,
26,
201,
147,
40,
202,
148,
42,
202,
151,
52,
204,
153,
60,
204,
154,
64,
204,
155,
63,
204,
156,
69,
175,
139,
89,
178,
136,
74,
206,
162,
83,
207,
163,
88,
207,
163,
91,
207,
164,
93,
207,
165,
96,
208,
165,
97,
207,
165,
96,
207,
164,
95,
207,
164,
96,
208,
165,
97,
208,
165,
99,
172,
101,
2,
175,
105,
2,
178,
109,
2,
181,
112,
2,
183,
116,
2,
186,
119,
2,
188,
122,
2,
190,
125,
2,
192,
128,
2,
193,
131,
2,
195,
136,
2,
197,
139,
4,
198,
141,
10,
199,
142,
21,
200,
143,
29,
201,
146,
37,
201,
147,
38,
201,
147,
40,
201,
148,
45,
195,
149,
68,
170,
129,
68,
203,
154,
64,
203,
155,
66,
204,
155,
71,
204,
157,
74,
205,
158,
79,
205,
159,
81,
204,
157,
79,
204,
158,
81,
205,
158,
83,
206,
159,
85,
205,
159,
85,
167,
95,
2,
171,
99,
2,
174,
102,
2,
176,
106,
2,
179,
109,
2,
182,
112,
2,
184,
115,
2,
186,
119,
2,
188,
122,
2,
190,
125,
2,
192,
129,
2,
194,
132,
2,
195,
135,
2,
196,
135,
5,
197,
137,
4,
198,
140,
9,
198,
140,
9,
198,
141,
9,
198,
141,
16,
199,
144,
21,
199,
145,
40,
200,
147,
39,
201,
147,
45,
201,
148,
51,
201,
149,
55,
201,
151,
61,
201,
151,
65,
201,
151,
63,
201,
152,
66,
202,
152,
67,
202,
153,
70,
202,
153,
73,
162,
88,
1,
166,
92,
1,
169,
96,
1,
172,
99,
1,
175,
102,
2,
177,
106,
2,
180,
109,
2,
182,
113,
2,
184,
115,
2,
186,
119,
2,
188,
122,
2,
191,
126,
2,
192,
128,
2,
192,
129,
2,
194,
131,
2,
195,
134,
2,
195,
134,
2,
195,
134,
2,
195,
135,
2,
196,
137,
3,
197,
139,
7,
197,
140,
9,
198,
141,
17,
198,
142,
26,
199,
143,
29,
199,
144,
39,
199,
145,
45,
198,
145,
46,
198,
145,
50,
199,
146,
48,
200,
147,
51,
200,
147,
55,
157,
82,
1,
160,
86,
1,
164,
89,
1,
167,
93,
2,
170,
96,
1,
172,
99,
1,
175,
102,
2,
178,
106,
2,
180,
109,
2,
182,
112,
1,
184,
114,
2,
186,
118,
2,
188,
121,
2,
189,
123,
2,
190,
125,
2,
192,
129,
2,
192,
128,
2,
192,
128,
2,
192,
128,
2,
193,
130,
2,
194,
132,
2,
194,
134,
2,
195,
135,
2,
195,
136,
4,
195,
137,
3,
195,
138,
10,
196,
139,
19,
196,
139,
18,
196,
139,
24,
197,
140,
23,
197,
141,
32,
197,
141,
31,
151,
77,
1,
155,
81,
1,
158,
84,
1,
162,
87,
1,
165,
90,
1,
167,
94,
1,
171,
97,
1,
173,
100,
1,
176,
103,
2,
178,
105,
2,
180,
108,
2,
181,
110,
2,
184,
114,
2,
185,
116,
2,
186,
118,
2,
188,
122,
2,
188,
123,
2,
189,
123,
2,
188,
123,
2,
190,
125,
2,
190,
126,
2,
191,
128,
2,
192,
129,
2,
192,
130,
2,
192,
131,
2,
193,
132,
2,
193,
133,
2,
192,
133,
3,
193,
134,
3,
193,
135,
4,
194,
135,
7,
194,
135,
6,
145,
71,
1,
149,
75,
1,
153,
79,
1,
156,
81,
1,
160,
84,
1,
162,
88,
1,
166,
91,
1,
168,
94,
1,
170,
97,
1,
173,
99,
1,
175,
102,
1,
177,
104,
2,
179,
107,
2,
181,
110,
2,
182,
112,
2,
184,
114,
2,
184,
116,
2,
185,
117,
2,
185,
117,
2,
186,
119,
2,
187,
121,
2,
188,
122,
2,
188,
124,
2,
189,
125,
2,
189,
126,
2,
190,
127,
2,
189,
127,
2,
188,
127,
2,
189,
127,
2,
190,
129,
2,
191,
129,
2,
191,
130,
2,
138,
65,
1,
142,
69,
1,
147,
72,
1,
151,
76,
1,
154,
79,
1,
157,
82,
1,
160,
85,
1,
163,
88,
1,
165,
91,
1,
168,
93,
1,
170,
96,
2,
173,
98,
1,
174,
101,
1,
177,
105,
2,
177,
107,
2,
180,
109,
2,
181,
110,
2,
181,
111,
2,
181,
112,
2,
183,
113,
2,
183,
115,
2,
184,
116,
2,
184,
117,
2,
185,
119,
2,
186,
121,
2,
186,
122,
2,
186,
121,
2,
186,
122,
2,
186,
122,
2,
187,
124,
2,
188,
125,
2,
188,
125,
2,
131,
59,
1,
135,
63,
1,
139,
66,
1,
144,
70,
1,
148,
73,
1,
151,
76,
1,
154,
80,
1,
157,
83,
1,
159,
85,
1,
162,
88,
1,
165,
90,
1,
167,
93,
1,
170,
96,
2,
172,
99,
1,
173,
102,
2,
175,
104,
2,
176,
106,
2,
177,
107,
2,
177,
107,
2,
178,
108,
2,
179,
110,
2,
180,
111,
2,
180,
112,
2,
181,
114,
2,
183,
115,
2,
183,
116,
2,
183,
116,
2,
182,
116,
2,
182,
117,
2,
184,
119,
2,
185,
120,
2,
186,
119,
2,